are:	parameters		p	q	r	s
-121.7632	46.8492	0.81	1.5295912371	-0.128963594583	-121.757804542	46.9781109182
-119.7605	46.738	1.03	2.90408761099	-0.18341991062	-119.745980632	46.9211507168
-119.7652	46.7342	0.05	2.90107644866	-0.187388419706	-119.750382856	46.92131399
-121.9555	46.8563	4.03	1.39793677381	-0.12545883235	-121.950701894	46.9817160206
-122.585	47.1673	22.69	0.961953771889	0.175987344601	-122.589659574	46.9913412636
-120.9922	46.7782	15.52	2.05932269371	-0.182267438905	-120.981951523	46.9603327209
-119.9293	46.8912	1.64	2.78061122672	-0.0365568391899	-119.926520882	46.9277075054
-120.3515	46.799	5.50	2.49672677996	-0.142860651154	-120.341761715	46.9417054386
-121.9002	47.179	4.30	1.42709205794	0.198125298432	-121.907981961	46.9809455856
-120.3618	46.8565	5.42	2.48701489872	-0.085750295483	-120.355971156	46.9421577546
-121.0857	46.8247	2.43	1.99360794631	-0.138218676411	-121.078169322	46.9628228442
-120.7997	46.8457	1.07	2.18829260934	-0.109602973533	-120.793143902	46.9552113933
-121.9758	46.8625	8.79	1.3838994982	-0.119621301404	-121.971270522	46.9820812924
-121.9713	46.863	8.02	1.38696241258	-0.119041896701	-121.966782452	46.9820019047
-120.3967	47.0912	0.52	2.45238694892	0.147599380097	-120.406637208	46.9437561894
-120.4322	47.1065	11.93	2.42754624271	0.161778054154	-120.442984861	46.9448890747
-121.7593	46.8722	0.08	1.53159977736	-0.105896796368	-121.754861875	46.9780534096
-121.9693	46.8682	7.96	1.38819468581	-0.113808221362	-121.964976813	46.981969916
-120.2645	46.83	4.47	2.55474048337	-0.109091087602	-120.256886984	46.9389669276
-121.9318	47.0283	14.82	1.40959826222	0.0469065572663	-121.933614689	46.9814097697
-120.2557	46.8148	5.33	2.56148025292	-0.123986530854	-120.247027187	46.9386447134
-122.6305	47.073	39.06	0.932673195648	0.0811520685513	-122.632579581	46.9918603107
-119.6423	46.8563	12.89	2.97839885319	-0.0608620553477	-119.637348535	46.9170679029
-119.6192	46.8283	16.87	2.99573501273	-0.0879381902596	-119.612008018	46.9161006377
-119.2217	46.8877	0.02	3.26361646388	-0.0127675697621	-119.220561608	46.9004438487
-121.6147	46.8248	7.55	1.63185225062	-0.150357062053	-121.607992488	46.9750871971
-119.2158	46.8833	0.02	3.26790959231	-0.0169135729559	-119.214290089	46.900182069
-122.2045	47.1803	13.79	1.2202892898	0.194283812065	-122.211026208	46.9860670182
-121.76	46.8487	2.38	1.53179318913	-0.129400874576	-121.754578512	46.9780478679
-122.6468	47.1148	19.88	0.920851539715	0.122752943031	-122.649908216	46.9920653249
-121.215	46.9942	9.25	1.89917166333	0.0279574948119	-121.216455794	46.9662601532
-121.2237	46.9993	3.91	1.89306070495	0.0328437558873	-121.225404898	46.9664768454
-121.2223	47.0057	9.02	1.89378808591	0.039273566965	-121.224339692	46.9664510893
-121.9523	46.8292	9.45	1.40083248168	-0.152492437597	-121.946458888	46.9816402115
-122.2095	46.9738	1.70	1.22161047637	-0.0122400338362	-122.20908999	46.986036837
-121.7957	47.0728	18.77	1.50108282081	0.0939180570454	-121.799572249	46.9789190434
-121.0298	46.8432	0.02	2.03112862412	-0.118296110897	-121.023231438	46.9614109485
-121.6622	46.8418	0.78	1.59885874496	-0.134344067187	-121.656326008	46.9760841214
-121.8618	47.0965	10.10	1.45543471722	0.116361838523	-121.866453923	46.980181395
-120.807	46.8092	5.57	2.18479067969	-0.146276301898	-120.798270127	46.9553545521
-121.9577	46.8598	8.84	1.39634163217	-0.121999253149	-121.953039219	46.9817577141
-121.8845	47.0908	16.76	1.44014088408	0.110244479548	-121.888862501	46.9805956208
-120.6918	46.9193	6.79	2.25892274625	-0.0330046228173	-120.689759394	46.9522751978
-120.0087	46.8905	3.64	2.72645776669	-0.0400455569628	-120.005714791	46.9304935973
-122.5195	46.8653	20.97	1.01218374657	-0.125135896585	-122.516033539	46.9904135023
-121.9738	46.9322	12.67	1.38346423364	-0.0499092638423	-121.971908314	46.9820925598
-123.9298	46.9433	34.78	0.0479270856485	-0.0566785269877	-123.929725531	46.9999785042
-119.745	46.8488	2.68	2.90868238138	-0.0722077802062	-119.739263276	46.9209012509
-122.5075	46.926	23.34	1.01923060771	-0.0642912497508	-122.505704606	46.9902795703
-121.9375	46.919	11.09	1.40859118311	-0.0624579821591	-121.935090322	46.9814363176
-121.937	46.9137	14.22	1.40907211689	-0.0677471548338	-121.934385629	46.9814236419
-121.5612	46.9178	5.36	1.66554717814	-0.0562753749679	-121.558633305	46.9740480883
-121.5513	46.9292	6.14	1.67194984106	-0.0446700711535	-121.54925436	46.9738482403
-121.7558	46.8518	1.00	1.53457573405	-0.126219957964	-121.750501881	46.9779680634
-121.7545	46.8515	1.45	1.53547302211	-0.126494365862	-121.749187291	46.9779422979
-121.7697	46.8572	1.95	1.52491985283	-0.121093545476	-121.764648504	46.9782443779
-121.7628	46.8523	0.34	1.52977619061	-0.12585704864	-121.75753357	46.9781056258
-121.572	46.9188	8.57	1.65814284233	-0.0555049219139	-121.569479638	46.974278247
-121.5722	46.9142	8.07	1.65814881124	-0.060106946186	-121.569470895	46.9742780619
-120.6797	46.8983	12.71	2.26806951897	-0.0536363356815	-120.676371687	46.9518881479
-120.4388	46.8832	8.15	2.43320270615	-0.0614956769071	-120.434708022	46.9446321174
-120.497	46.895	17.02	2.39293679139	-0.0514997891598	-120.493628977	46.9464482949
-120.5905	46.9857	8.42	2.32516184949	0.0362973329446	-120.592812704	46.9494369939
-121.9635	46.9562	16.80	1.38987161657	-0.0257350357713	-121.962519625	46.9819263387
-122.7267	47.149	51.90	0.865928767549	0.156037023679	-122.730417819	46.9929835237
-122.7295	47.1843	52.30	0.863452317531	0.191301468421	-122.734048035	46.9930235955
-122.7293	47.1802	51.39	0.863654725694	0.1872042121	-122.733751326	46.9930203246
-119.4323	46.7383	0.04	3.12864324957	-0.170489692933	-119.417764974	46.908499357
-120.9283	46.7853	6.56	2.1027720173	-0.173475739577	-120.91833915	46.958642039
-120.9318	46.7678	8.48	2.10106232767	-0.191056194713	-120.920842161	46.9587092316
-121.7768	46.8493	0.02	1.52029081942	-0.129128329947	-121.771430453	46.9783762254
-121.7648	46.8558	0.45	1.52830914691	-0.122397504436	-121.759682906	46.9781475877
-119.6235	46.8897	15.68	2.98937087838	-0.026798159713	-119.62131046	46.9164563719
-120.9013	46.7708	8.05	2.12181884566	-0.187236680867	-120.890454746	46.9578897903
-121.7645	46.8397	1.35	1.528973516	-0.13848509952	-121.758709552	46.9781285897
-121.7597	46.8517	0.94	1.53191251627	-0.126396235357	-121.754403689	46.9780444485
-121.7595	46.8532	1.17	1.53200635083	-0.12489293806	-121.754266215	46.9780417594
-123.9125	46.9402	34.02	0.0597416344867	-0.0597666373918	-123.912402121	46.9999666001
-121.7883	46.8587	0.04	1.51216356385	-0.11995463844	-121.783337692	46.9786067431
-121.7615	46.8517	1.93	1.53068201575	-0.126431414491	-121.756206466	46.9780796964
-121.9308	46.8547	8.53	1.41486385767	-0.126614910218	-121.925899246	46.981270653
-121.703	46.8773	1.07	1.56992246756	-0.0996846264736	-121.698717401	46.9769417124
-121.7003	46.8723	0.67	1.57191403047	-0.10462834175	-121.695799735	46.9768831893
-121.706	46.8787	1.07	1.56783167174	-0.0983452976941	-121.701780451	46.9770030718
-121.9388	46.9145	12.27	1.40782191968	-0.0669797893328	-121.936217495	46.9814565836
-120.8555	46.8973	5.41	2.14808845015	-0.0595891993414	-120.851997548	46.9568411738
-121.5568	46.919	3.09	1.66851371535	-0.0549823434814	-121.554287763	46.9739555882
-121.5468	46.9105	4.18	1.6756067881	-0.063264794243	-121.543897511	46.9737337513
-121.9722	47.0947	0.97	1.38035118766	0.112564577322	-121.976469858	46.9821730418
-121.7678	46.841	0.74	1.52668005699	-0.137249976789	-121.762069656	46.9781941374
-121.9522	46.8112	7.56	1.40137128537	-0.170484501831	-121.945669394	46.9816260884
-122.1875	47.004	7.49	1.23591924643	0.0182970182847	-122.188120428	46.9857078759
-119.2965	46.7285	13.19	3.22213668425	-0.17477108474	-119.281159546	46.9029554968
-119.5178	46.9623	20.08	3.05734203126	0.0497632111587	-119.5219636	46.91261806
-121.9855	47.1683	17.96	1.36940750973	0.18590670133	-121.992505728	46.9824545324
-123.5025	47.1675	40.71	0.33822822974	0.168573934929	-123.504069611	46.9989294533
-121.756	46.8488	2.44	1.53452492154	-0.129222644635	-121.750576325	46.977969522
-121.9703	46.8628	7.99	1.38765111047	-0.119224123038	-121.965773309	46.9819840302
-120.7037	46.9258	6.66	2.25052858889	-0.0268527931738	-120.702045703	46.9526290273
-121.9728	46.8557	7.66	1.38612599431	-0.12636599681	-121.968008049	46.9820236012
-121.6173	46.9883	13.11	1.62510279214	0.0130132232499	-121.617879896	46.9752927919
-121.9652	46.8575	9.24	1.39127468828	-0.124431896317	-121.960463722	46.9818898376
-121.9537	46.7993	4.27	1.40065578987	-0.182407262667	-121.94671779	46.9816448417
-122.6855	47.088	52.41	0.894968361505	0.095508349013	-122.687849226	46.99250507
-122.2115	47.0347	12.76	1.2188560842	0.0486129325297	-122.213126593	46.9860997215
-121.9737	46.8563	7.99	1.38549522871	-0.125782116293	-121.968932306	46.9820399545
-120.9295	47.0205	5.74	2.09273704486	0.0615115191655	-120.933030584	46.9590356443
-121.7578	46.8533	2.06	1.53316559551	-0.124759726281	-121.752567835	46.9780085248
-122.21	47.0302	13.05	1.21998095257	0.044137452134	-122.21147808	46.9860740572
-121.8695	47.0258	17.86	1.45211699162	0.0455451974389	-121.871315036	46.9802716253
-120.6933	46.8448	15.97	2.26104190783	-0.107481534046	-120.686657658	46.9521856634
-121.8668	47.1177	18.18	1.45145501605	0.137461210287	-121.872284961	46.980289604
-121.9672	46.9388	12.70	1.38779840208	-0.0431947555389	-121.965557484	46.9819802063
-121.9643	47.0665	5.47	1.38646023807	0.0845135472329	-121.967518284	46.9820149326
-121.7698	46.8437	0.05	1.52523571399	-0.134590023145	-121.764185741	46.9782353667
-123.8328	47.1482	17.47	0.113713746175	0.148321345618	-123.833264153	46.9998789912
-121.9428	46.905	11.78	1.40533991469	-0.0765483186301	-121.939854287	46.9815218959
-120.7112	46.8555	2.11	2.24836059872	-0.0973060401956	-120.70521896	46.9527201986
-121.7638	46.8412	0.03	1.5294093463	-0.136972048254	-121.758071026	46.9781161224
-122.3648	46.8933	20.43	1.11734955685	-0.0950389729355	-122.36189236	46.988318237
-119.92	46.917	2.40	2.78561561596	-0.0104614583807	-119.919202891	46.9274472829
-122.1325	47.1305	8.51	1.27040105615	0.145641852685	-122.137588264	46.9848994056
-122.1173	47.1188	0.99	1.28102027956	0.13419269727	-122.122026388	46.9846459471
-121.9318	46.8715	8.20	1.41373682462	-0.109838816883	-121.927550634	46.9813004727
-121.9673	46.8178	6.92	1.39086902172	-0.164155807129	-121.96105814	46.9819003949
-121.7712	46.8473	0.02	1.5241761185	-0.13101872431	-121.76573814	46.9782655885
-121.756	46.8682	1.39	1.53396937522	-0.109830600658	-121.75139024	46.9779854663
-121.753	46.8587	0.02	1.53629198277	-0.11926792083	-121.747987457	46.9779187685
-121.7603	46.862	0.89	1.53120795939	-0.116112172781	-121.755435918	46.9780646341
-121.8935	46.9687	8.20	1.43729789817	-0.0119764690873	-121.893028093	46.9806721398
-121.9028	46.9722	8.41	1.43086020874	-0.00864795033272	-121.902460748	46.980844852
-121.9502	46.8272	10.88	1.40232108284	-0.154454187636	-121.944277684	46.9816011792
-121.908	46.8833	11.67	1.42968664736	-0.0976111093019	-121.904180285	46.9808762532
-122.4992	47.0693	17.29	1.02215311203	0.0790907364109	-122.501420962	46.9902237529
-121.9325	46.866	10.56	1.41340356231	-0.11534953065	-121.928038948	46.9813092858
-119.7433	46.8507	2.28	2.90974020149	-0.0702474787631	-119.737716797	46.9208437626
-121.9737	46.8527	9.03	1.38558832292	-0.129380912412	-121.968795896	46.9820375414
-121.9182	46.8675	12.12	1.42313731273	-0.113591202068	-121.9137766	46.9810510221
-121.9358	46.8698	10.91	1.41104800588	-0.11161033258	-121.93149044	46.9813715192
-121.9432	46.928	14.48	1.40446300953	-0.0535634172717	-121.941139186	46.9815449435
-120.2007	46.8802	10.00	2.59590714485	-0.0568525002644	-120.196664988	46.9369856327
-120.1568	46.9205	0.04	2.62390278791	-0.0151384077148	-120.155713208	46.9356202032
-122.0058	47.0207	15.40	1.35936747557	0.0380014892217	-122.007217629	46.9827108107
-122.0057	47.0095	15.33	1.35972068002	0.0268068523252	-122.006700068	46.982701827
-122.0055	46.9978	14.10	1.36015481976	0.0151141141926	-122.00606391	46.9826907814
-122.0008	47.008	15.69	1.36309906364	0.0253924824172	-122.001749628	46.9826157796
-120.443	46.9163	10.27	2.42883312622	-0.0285600985228	-120.441101817	46.9448306676
-121.9682	46.9372	13.15	1.38715733969	-0.0448119260828	-121.966496827	46.9819968465
-121.7617	46.8535	0.94	1.53049387873	-0.124636055983	-121.756482101	46.9780850831
-122.5037	46.8758	22.76	1.02278400989	-0.114432596349	-122.500496228	46.9902116824
-121.9693	46.934	12.99	1.38648944201	-0.0480303212007	-121.967475492	46.9820141751
-121.966	46.9347	12.87	1.38872388762	-0.0472721123153	-121.964201379	46.9819561696
-120.7633	46.822	9.37	2.21414664805	-0.13226048777	-120.755298868	46.9541474014
-120.951	47.0005	8.02	2.07886888579	0.0409544683161	-120.953334248	46.9595765072
-120.9612	47.0035	9.50	2.07180150156	0.043682059312	-120.963681402	46.9598507569
-122.1547	47.0742	8.56	1.25662779116	0.0889996389019	-122.15777243	46.9852250038
-120.5718	46.8258	14.38	2.34489945188	-0.122893305533	-120.563927009	46.9485754565
-121.9542	46.8752	6.08	1.39833200708	-0.106542072641	-121.950122768	46.9817056827
-120.6215	46.8857	6.21	2.30834406942	-0.064525381773	-120.617426012	46.9501653502
-121.9575	46.892	13.37	1.39563901411	-0.0898066294467	-121.954068751	46.981776064
-120.9075	46.7668	7.93	2.11773346366	-0.191401280962	-120.896435646	46.9580517115
-121.9622	46.8982	13.79	1.39226699506	-0.0836923507999	-121.95900971	46.9818640005
-121.994	47.0118	15.31	1.36763716234	0.0293097423127	-121.99509985	46.9824998585
-122.0018	47.0107	13.39	1.36234853672	0.0280742110454	-122.002849395	46.9826349139
-121.9515	46.931	13.38	1.39871831439	-0.0507129243059	-121.949556722	46.9816955754
-122.5628	47.0178	8.26	0.979786561034	0.0267872146405	-122.563520357	46.9910172901
-119.7377	46.847	3.62	2.91376551764	-0.073733969408	-119.731832023	46.9206248122
-121.9663	46.9387	12.87	1.38841529197	-0.0432787767496	-121.964653561	46.9819641862
-121.9982	47.0098	15.72	1.36482543183	0.0272371583084	-121.999219939	46.9825717267
-122.001	47.015	14.38	1.36278415089	0.032386724824	-122.002211078	46.9826238094
-122.0045	47.0157	13.31	1.36038077523	0.0330256732638	-122.005732811	46.9826850311
-119.7933	46.8493	2.67	2.87567002526	-0.073490855564	-119.787527303	46.9226848757
-118.2632	46.6882	11.01	3.9317924592	-0.167834206498	-118.245257782	46.8555837178
-119.1693	46.7867	14.38	3.30558142867	-0.111382171829	-119.159260676	46.8978702872
-120.9617	46.8498	1.00	2.07741885914	-0.109915635731	-120.955457181	46.9596328514
-118.2332	46.6995	13.18	3.95148583859	-0.155056395881	-118.216537851	46.854135949
-120.4183	46.827	20.80	2.44976739152	-0.11699864651	-120.410470149	46.9438761995
-118.2678	46.7193	15.64	3.92637365553	-0.137047879493	-118.253160591	46.8559808237
-118.2282	46.6887	11.91	3.9557000387	-0.165575041069	-118.210392254	46.8538252069
-118.2317	46.7057	8.81	3.952056061	-0.148797559959	-118.215706288	46.8540939218
-118.2402	46.7012	12.77	3.94657323622	-0.15371356	-118.223702022	46.8544977739
-121.9372	46.8293	9.90	1.41115738161	-0.152121501541	-121.931330177	46.9813686318
-119.549	46.8363	16.04	3.04323471688	-0.0772464656026	-119.542581724	46.9134217631
-121.9162	46.958	9.37	1.42209754982	-0.0230868626297	-121.915300103	46.9810786944
-121.2255	46.7738	1.28	1.89981689174	-0.192558368047	-121.215510903	46.966237233
-121.222	46.7688	1.03	1.90238971403	-0.197470312105	-121.211743195	46.9661457621
-121.0293	46.8553	6.63	2.03101175453	-0.106191843952	-121.023402554	46.9614153871
-121.93	46.8658	10.72	1.41511752072	-0.115504334592	-121.925527565	46.9812639381
-121.7573	46.8443	1.24	1.53376496926	-0.133746254623	-121.751689709	46.9779913314
-120.7895	46.8958	4.83	2.19321117917	-0.0592597203474	-120.785944004	46.955009936
-121.2273	46.7855	1.56	1.89817094067	-0.180909320802	-121.217921283	46.9662956862
-120.424	46.8297	7.58	2.44574832499	-0.114479500969	-120.416350887	46.9440600768
-119.0755	46.7223	9.53	3.37372678602	-0.171661197536	-119.059729002	46.8936214762
-121.7842	46.8538	1.05	1.5151045866	-0.124773476548	-121.779028789	46.9785234678
-120.7617	46.9567	2.47	2.2096756229	0.00236973027493	-120.761843428	46.9543322928
-120.7528	46.9617	0.03	2.21553799105	0.00761674895666	-120.753262269	46.9540897888
-120.8047	46.7785	4.91	2.18761507297	-0.176886632699	-120.794135697	46.9552391089
-121.9398	46.8637	9.58	1.40847469444	-0.117780192274	-121.935261009	46.9814393871
-121.9605	47.021	5.19	1.39023199666	0.0390962684456	-121.961991564	46.9819169669
-119.3652	46.7453	2.58	3.17413631344	-0.160803945626	-119.351290474	46.905822061
-121.9058	46.9667	6.57	1.42896087196	-0.0142007336948	-121.905243714	46.98089566
-119.0982	46.9467	0.03	3.34417219343	0.0513254488029	-119.10289388	46.8954747755
-120.5883	46.8453	3.66	2.33277186328	-0.103904329117	-120.581675449	46.9491056808
-119.7357	46.85	3.16	2.91496824843	-0.07066403768	-119.730073711	46.9205593332
-119.9305	46.7738	0.51	2.78588553484	-0.153841176315	-119.918808187	46.9274332342
-120.6473	46.9183	10.85	2.28933281141	-0.0327123052932	-120.645250342	46.9509823517
-121.9222	46.8797	10.59	1.42008001912	-0.101468077318	-121.918256275	46.9811323314
-119.5733	46.8592	1.40	3.02534541079	-0.055323910086	-119.568728192	46.9144356056
-121.9697	46.9423	6.68	1.38600134102	-0.0397401855349	-121.968190703	46.9820268336
-119.3613	46.7445	2.56	3.17685141324	-0.161444545795	-119.347323378	46.905661059
-121.751	46.8542	0.26	1.53778817353	-0.123726834295	-121.745795437	46.9778757493
-121.9092	46.7913	5.52	1.43132152886	-0.189600244717	-121.901784809	46.9808325013
-121.919	46.7837	6.36	1.4248160601	-0.197376173572	-121.911316834	46.9810063011
-121.9832	47.028	7.17	1.37458173338	0.0456934031658	-121.98492387	46.9823217213
-121.8963	47.1632	18.51	1.43016617248	0.182402095028	-121.90347767	46.9808634256
-121.934	46.9185	13.18	1.41099414841	-0.0628948312962	-121.931569355	46.9813729409
-118.6515	46.7538	12.53	3.66162327164	-0.121202389072	-118.639413006	46.8747197854
-120.6897	46.892	13.11	2.26150873091	-0.0602197127457	-120.685974389	46.9521659289
-121.7607	46.854	0.74	1.53116317908	-0.124116722104	-121.755501525	46.9780659167
-119.5453	46.845	1.99	3.04526754726	-0.0684167932971	-119.539610663	46.9133061797
-121.8055	47.1298	6.46	1.49281468215	0.150708365307	-121.811686141	46.9791505783
-119.5575	46.7262	0.03	3.04366650244	-0.187499373984	-119.541950652	46.9133972189
-121.921	46.7855	5.58	1.42339926812	-0.195613160222	-121.913392772	46.9810440472
-121.9043	47.094	6.93	1.42657954173	0.113081097711	-121.908732917	46.9809592662
-121.7323	46.853	0.87	1.55060574791	-0.124557785748	-121.727016977	46.9775054984
-119.6912	46.7935	0.88	2.94846136071	-0.125415008092	-119.681110749	46.91872509
-119.9312	46.9073	0.03	2.77847907112	-0.0205459261497	-119.929638786	46.9278182333
-120.393	46.9682	0.04	2.4605627748	0.0248454943117	-120.394674436	46.9433808068
-121.8732	47.1085	18.71	1.44735114969	0.128146216287	-121.878297951	46.9804008791
-122.0023	46.8957	8.63	1.36493958998	-0.086897102468	-121.99905266	46.9825688116
-120.6657	46.942	7.14	2.27576818045	-0.00956982920004	-120.665103663	46.951561166
-122.2063	46.9827	3.33	1.22358963116	-0.00329242683682	-122.206189515	46.985991564
-121.9337	46.9153	13.84	1.41128337161	-0.0660883154802	-121.931145569	46.9813653056
-120.812	46.7793	5.36	2.18258746674	-0.17629085691	-120.801495268	46.9554445022
-121.7568	46.8458	2.22	1.53406388235	-0.132237080525	-121.75125178	46.9779827543
-121.2492	47.1647	12.95	1.86987489956	0.197528597939	-121.259359671	46.9672926637
-121.9672	46.8882	10.74	1.38911108409	-0.0937777256822	-121.963634024	46.9819461087
-122.205	47.1	10.70	1.22178910317	0.113997099298	-122.20882821	46.9860327539
-122.617	47.0652	18.18	0.942003860234	0.0735147880035	-122.618902431	46.99169665
-122.6733	47.1598	8.71	0.902058049654	0.167438066436	-122.677456703	46.9923858651
-121.9733	46.932	0.05	1.38381072414	-0.0501003670676	-121.971400603	46.9820835907
-119.5565	46.947	0.59	3.03183980557	0.0329847243836	-119.559236067	46.9140682363
-121.9733	46.9375	12.58	1.38366846941	-0.0446022070476	-121.971609048	46.9820872733
-121.9683	46.9397	12.69	1.38702426198	-0.0423145369926	-121.966691824	46.9820002998
-123.1873	46.9445	41.43	0.554825849608	-0.0526221888777	-123.186499645	46.9971193548
-121.8138	47.1688	17.35	1.48608197656	0.189535343919	-121.821550503	46.9793381723
-122.8448	46.8138	20.99	0.790561407999	-0.180371341266	-122.840900843	46.9941516673
-123.8358	47.1875	0.05	0.111591059889	0.187616943857	-123.836376589	46.9998834668
-118.2018	46.688	14.80	3.97381195383	-0.16493814475	-118.183980336	46.8524859462
-118.2482	46.692	14.12	3.94177589558	-0.163291225993	-118.230698198	46.8548506781
-118.2367	46.6708	17.60	3.95119972835	-0.183855233688	-118.21695509	46.8541570339
-118.2808	46.7118	14.62	3.91803155095	-0.1451782263	-118.265326983	46.8565910947
-118.2908	46.721	9.56	3.91052369995	-0.136501900903	-118.27627691	46.8571392332
-118.2482	46.7012	14.36	3.94110156932	-0.154115971904	-118.231681605	46.854900249
-120.6325	46.9097	17.29	2.2998019757	-0.0408710382067	-120.629927869	46.9505332773
-123.7957	47.1762	4.75	0.138872613344	0.176381075563	-123.796374436	46.9998195222
-121.741	46.8712	1.06	1.54413386081	-0.106537195566	-121.73649862	46.9776928303
-118.2578	46.7007	10.32	3.93457210202	-0.155096789976	-118.241203983	46.8553798063
-121.7523	46.8497	0.03	1.53702859934	-0.128250490189	-121.746908264	46.9778975942
-123.8333	47.1798	12.37	0.113306453188	0.179920549414	-123.833861355	46.9998798565
-118.2575	46.707	14.79	3.93431627155	-0.14879862545	-118.241577082	46.8553985797
-120.0013	46.9565	2.44	2.72814231357	0.026126229323	-120.00325119	46.9304077535
-120.0015	46.9542	2.60	2.72812327492	0.0238222602482	-120.003279033	46.930408724
-118.1975	46.693	13.84	3.9763838709	-0.159733813034	-118.180229914	46.8522952767
-119.5372	46.7273	0.04	3.05749688374	-0.185611055335	-119.521737283	46.9126092174
-121.9855	47.0957	0.04	1.37127398509	0.113330697762	-121.989770753	46.9824066818
-118.2583	46.6922	9.53	3.93485204376	-0.163599097628	-118.240795721	46.8553592622
-121.9662	46.9362	13.52	1.3885484347	-0.0457761624095	-121.964458468	46.9819607277
-123.86	47.18	12.80	0.0951580526825	0.180085025351	-123.860471876	46.9999152612
-121.9292	46.9485	8.98	1.41347877866	-0.0328187660694	-121.927928737	46.9813072969
-119.9903	46.9562	2.54	2.7356559465	0.0262100609703	-119.992262812	46.9300242185
-122.0202	46.8732	6.54	1.35328042562	-0.109700361845	-122.016137197	46.9828652691
-120.8812	46.9413	4.82	2.1287906659	-0.0163256810004	-120.880248253	46.9576127479
-121.9417	46.939	8.37	1.40519808847	-0.0425403147782	-121.9400621	46.9815256245
-121.9273	46.8352	7.97	1.41777230814	-0.146044829946	-121.921637639	46.9811935898
-120.6963	46.8702	10.39	2.25792126639	-0.0821906255499	-120.691225225	46.9523174811
-121.7593	46.845	1.29	1.53237754279	-0.133085674306	-121.753722391	46.9780311204
-121.757	46.8463	1.46	1.53391283337	-0.131741201073	-121.751473078	46.9779870887
-121.7613	46.8453	0.03	1.53100157858	-0.132824894804	-121.755738282	46.9780705452
-121.7513	46.8412	1.77	1.53795615331	-0.13672736823	-121.745549336	46.9778709169
-121.7592	46.8427	1.49	1.53251168238	-0.135382777935	-121.753525866	46.9780272751
-121.7563	46.8432	1.60	1.53448016997	-0.134826223815	-121.750641889	46.9779708066
-121.7692	46.8438	0.68	1.52564309658	-0.134478382134	-121.763588891	46.9782237418
-121.7578	46.8402	1.49	1.53354043204	-0.137854362524	-121.752018672	46.9779977731
-121.2133	46.884	0.99	1.9042488255	-0.0821316041154	-121.209020672	46.9660795888
-121.98	46.9388	9.58	1.37906174923	-0.0434207666627	-121.978359275	46.9822063247
-121.4597	47.1498	14.33	1.72732114819	0.177805155248	-121.468146625	46.9720879725
-121.7548	46.8473	0.98	1.53538827565	-0.130698520362	-121.74931145	46.977944732
-121.6023	46.7762	7.90	1.64181980645	-0.198675382233	-121.593390969	46.9747820195
-121.7502	46.8533	1.25	1.53836087449	-0.124610759071	-121.744956393	46.9778592717
-121.761	46.8518	1.02	1.53102096427	-0.126321686172	-121.75570988	46.97806999
-120.9487	46.833	1.44	2.08695706329	-0.126357514585	-120.94149271	46.9592615017
-119.6165	46.8835	0.34	2.99449381852	-0.0327212683225	-119.613822259	46.9161700755
-119.6192	46.884	0.40	2.9926233628	-0.0323251733832	-119.616556295	46.9162746629
-121.9343	46.9207	8.59	1.4107313117	-0.0607009981442	-121.931954479	46.9813798783
-119.6213	46.8803	2.35	2.99139689926	-0.0360995640219	-119.618349016	46.9163432058
-119.6182	46.9012	0.72	2.99234468646	-0.0151138593306	-119.616963635	46.9162902396
-121.7643	46.8572	2.41	1.52861098419	-0.120988320337	-121.75924069	46.9781389575
-120.6892	46.8287	10.24	2.26452374179	-0.123448793255	-120.681561453	46.9520383743
-120.392	46.9692	0.47	2.46119843211	0.0258758372671	-120.393744357	46.9433515692
-121.928	46.9707	1.01	1.41371065899	-0.0106048735747	-121.927588973	46.9813011647
-121.9802	46.944	9.10	1.37879120109	-0.0382260145586	-121.97875571	46.9822133042
-121.9125	46.9065	7.43	1.42599399646	-0.0745013681739	-121.909590879	46.9809748901
-120.9325	47.0303	3.51	2.09030986402	0.0712239296258	-120.936584066	46.9591305643
-120.6855	46.8478	16.55	2.26624532296	-0.104258893625	-120.679041662	46.9519654642
-120.6812	46.8273	17.15	2.27005158836	-0.12461607441	-120.673470649	46.95180407
-120.9602	46.8973	6.93	2.07660174282	-0.0624115958978	-120.956653495	46.9596645852
-119.3422	46.7392	2.34	3.19023155265	-0.165959472884	-119.327773694	46.9048656319
-121.7578	46.8537	2.04	1.53315415013	-0.12435989006	-121.752584604	46.978008853
-122.0062	47.1702	13.46	1.35529085808	0.187446145925	-122.013191234	46.9828143311
-122.8733	47.089	54.43	0.76710116657	0.0945161587995	-122.875292799	46.9944935978
-120.9533	46.8387	1.62	2.083590885	-0.120784242702	-120.946420964	46.9593927506
-118.273	46.7198	16.06	3.92278168952	-0.136809506411	-118.258399195	46.8562437539
-120.9883	46.8242	7.54	2.06022397796	-0.13619885035	-120.980631949	46.9602980083
-121.9588	46.8705	5.95	1.39531099111	-0.111322482941	-121.954549396	46.9817846276
-121.9085	46.915	6.06	1.42849891619	-0.0659315257025	-121.905920586	46.9809080073
-122.8418	47.1272	43.00	0.787981344527	0.13302472438	-122.844683111	46.9941897754
-123.7082	47.0363	8.48	0.198871455643	0.0366703673052	-123.708400271	46.9996298869
-121.0125	46.8313	7.31	2.04340684412	-0.129737725438	-121.005254266	46.9609432153
-120.7818	46.8848	7.95	2.19892000606	-0.0700346756875	-120.777587381	46.954775545
-123.9307	47.1078	33.96	0.0471671221638	0.107820861592	-123.930839848	46.9999791805
-121.9187	47.1772	23.16	1.4145696308	0.195990453113	-121.926330362	46.9812784401
-121.8762	47.085	11.42	1.4459469847	0.104599469891	-121.880355341	46.9804388803
-120.2213	47.0372	0.29	2.57427580492	0.099284520219	-120.228308545	46.9380306562
-119.5028	46.7187	0.48	3.08153189606	-0.192849832333	-119.48661107	46.9112313326
-119.5047	46.7203	0.04	3.08013971241	-0.191327146543	-119.488645641	46.9113114372
-121.6887	46.92	7.12	1.5784337825	-0.0567157857968	-121.686248258	46.9766910847
-119.501	46.7177	0.02	3.08282128613	-0.193777403622	-119.484726728	46.9111571105
-122.2015	46.9793	2.46	1.22694146368	-0.00661646747695	-122.201277376	46.9859147241
-121.915	46.842	8.16	1.42600285635	-0.139024004644	-121.909577897	46.9809746537
-121.912	46.8413	8.52	1.42807282509	-0.139669115691	-121.906544908	46.9809193924
-119.5233	46.9358	0.03	3.05510727055	0.023092016685	-119.525229706	46.9127456226
-119.5117	46.9512	2.63	3.06213362352	0.0389195097972	-119.514960732	46.9123442377
-120.3353	46.809	2.90	2.50733714785	-0.132354315754	-120.326237975	46.9412092676
-122.0097	47.0697	15.80	1.35546496335	0.0869180809712	-122.012936111	46.9828099163
-119.6855	46.7928	0.02	2.95239637097	-0.125899377225	-119.675358451	46.9185082197
-119.683	46.8025	5.70	2.95357136745	-0.116119887214	-119.67364082	46.9184434062
-119.4978	46.7195	2.22	3.08490824402	-0.191854465986	-119.481676816	46.911036912
-118.7917	46.8085	1.69	3.56215328993	-0.0730858236963	-118.784601105	46.8814243587
-122.3852	46.9685	17.02	1.10186217813	-0.020144066281	-122.384591392	46.9886397861
-121.7528	46.8517	3.23	1.53662942742	-0.126261120195	-121.747493078	46.9779090698
-121.5715	47.0752	9.14	1.65363745269	0.100830543586	-121.57607946	46.9744177927
-121.9542	46.9843	17.28	1.3954836072	0.00252073782698	-121.954296465	46.9817801214
-119.3468	46.745	0.02	3.18674050464	-0.160356821618	-119.332874399	46.9050734898
-122.003	47.145	18.52	1.35810784056	0.162309729357	-122.009063413	46.9827428307
-121.9762	46.8833	7.91	1.38308887462	-0.0988353045456	-121.972458327	46.9821022736
-121.9627	46.87	0.91	1.39265865549	-0.111891701635	-121.958435816	46.9818537975
-121.906	46.801	10.80	1.43325244897	-0.179845205737	-121.898955574	46.9807807627
-120.4867	46.7542	19.50	2.406278458	-0.191843330271	-120.474105726	46.9458498729
-119.797	46.8208	1.77	2.87467079992	-0.102085582203	-119.78898822	46.9227385466
-121.8712	46.963	4.85	1.45266466242	-0.0172631184104	-121.870512591	46.9802567447
-121.7638	46.846	1.68	1.52927236892	-0.132174003099	-121.758271709	46.9781200411
-120.3888	47.129	12.15	2.45601859056	0.185606746706	-120.401323412	46.943589601
-120.6453	46.909	6.40	2.29109565138	-0.0419453382684	-120.642670264	46.9509068779
-120.625	47.0447	21.15	2.29910838218	0.0942241293738	-120.630942992	46.9505630922
-121.9678	46.8815	9.11	1.38887492961	-0.100486108267	-121.963980059	46.9819522453
-121.7658	46.8548	1.23	1.52765409805	-0.123416599379	-121.760642606	46.978166311
-119.6083	46.817	18.53	3.00381382111	-0.0988033217953	-119.600199419	46.9156479735
-121.9675	46.8852	9.17	1.38898394118	-0.0967820347951	-121.963820325	46.9819494127
-118.2825	46.7093	13.69	3.91705116138	-0.14775652296	-118.266756833	46.8566627309
-122.002	47.0552	19.34	1.36107753063	0.0725562650308	-122.004711835	46.9826672936
-121.969	46.9398	13.52	1.38654389316	-0.0422269605436	-121.967395705	46.9820127627
-121.969	46.9352	13.00	1.38666312216	-0.046825415116	-121.967221	46.9820096698
-121.9578	46.929	9.04	1.39446976771	-0.0528245409952	-121.955782025	46.98180658
-121.9698	46.937	13.06	1.38607040892	-0.0450401752853	-121.968089498	46.9820250427
-121.9662	46.935	12.96	1.38857958078	-0.0469757581424	-121.96441283	46.9819599186
-121.971	46.9338	12.42	1.3853341813	-0.0482603250238	-121.969168288	46.9820441287
-121.9168	46.8698	10.88	1.42403299327	-0.111266577122	-121.912464214	46.9810271682
-121.9157	46.8703	10.73	1.42477145347	-0.110746755993	-121.911382194	46.9810074901
-121.9588	46.9363	12.94	1.39359693404	-0.0455448118498	-121.957060972	46.9818293433
-122.1475	47.1457	14.36	1.25983957296	0.160595359316	-122.153065671	46.9851493948
-121.9728	46.934	13.80	1.3841003012	-0.0480922044043	-121.970976286	46.9820760931
-121.9703	46.9337	12.58	1.38581460146	-0.0483479123445	-121.968464331	46.9820316754
-121.7627	46.8532	1.07	1.52981885518	-0.124955463035	-121.757471063	46.9781044049
-119.507	46.7137	0.45	3.07894363925	-0.198006666988	-119.490393617	46.911380229
-121.9977	47.1375	16.88	1.36190310184	0.154904170384	-122.003502103	46.9826462651
-120.158	47.0263	0.40	2.61789946957	0.0904943080319	-120.164494633	46.9359142325
-120.16	46.9897	0.03	2.61833041812	0.0538714434078	-120.163864255	46.9358931479
-121.9557	47.1073	16.06	1.39125170633	0.125452164941	-121.960497397	46.9818904358
-121.9347	46.8643	11.28	1.41194473397	-0.117088606083	-121.930176503	46.98134784
-121.9227	46.8172	10.80	1.42139525342	-0.163955172853	-121.916329137	46.9810973739
-121.9348	46.8377	8.53	1.41257744732	-0.14368116807	-121.929249417	46.9813311235
-121.9032	46.869	11.10	1.43334886614	-0.111818300887	-121.898814301	46.9807781774
-120.2003	47.0543	0.62	2.58774232234	0.117056154648	-120.20860881	46.9373811046
-121.9603	46.931	14.45	1.39271102523	-0.0508696864498	-121.958359079	46.9818524331
-121.7642	46.8538	0.04	1.52877634661	-0.124384985138	-121.758998421	46.9781342287
-121.7683	46.8545	0.04	1.52595370824	-0.123765194126	-121.763133818	46.9782148762
-121.905	46.8673	11.16	1.43216415128	-0.113550608478	-121.900550176	46.980809932
-121.9988	46.8647	7.34	1.36812218124	-0.117825963445	-121.994389143	46.9824874464
-119.614	46.9243	18.15	2.99391788832	0.00811040778157	-119.614664092	46.9162022858
-123.6915	47.0298	15.75	0.210278602724	0.0302140236599	-123.691674454	46.9995862105
-121.9307	46.9303	6.27	1.41293577672	-0.0510394698735	-121.928724373	46.9813216529
-121.769	46.8552	1.03	1.52545527443	-0.123079108792	-121.763864066	46.9782291018
-121.9735	46.933	13.42	1.38364833465	-0.0491042337645	-121.971638551	46.9820877945
-119.3788	46.7463	2.49	3.16477429153	-0.160355617544	-119.364969724	46.9063761662
-121.9095	46.8672	11.35	1.42909130378	-0.113732740078	-121.905052601	46.980892173
-121.6002	46.8498	3.82	1.64100342798	-0.125065878236	-121.594586879	46.9748070844
-121.601	46.85	5.27	1.64045042994	-0.124882724203	-121.595396965	46.9748240558
-121.5937	46.858	6.45	1.64519499162	-0.116733426164	-121.588446682	46.9746782605
-121.5898	46.8523	5.47	1.64803590192	-0.122348773992	-121.584285066	46.974590761
-119.7568	46.829	0.49	2.90169534456	-0.0924160852976	-119.749478048	46.9212804456
-121.6012	46.8513	4.29	1.6402739176	-0.123587520574	-121.595655538	46.9748294718
-121.5935	46.8482	6.46	1.64563263687	-0.126524604575	-121.58780558	46.9746647909
-121.5768	46.843	4.82	1.65720972594	-0.131370154253	-121.570846532	46.9743071796
-121.5938	46.8505	5.66	1.64535693124	-0.124231989511	-121.588209458	46.9746732768
-121.6058	46.8482	5.55	1.63722418009	-0.126782279692	-121.600123103	46.9749229549
-121.5967	46.8488	6.29	1.64342667389	-0.125992051228	-121.591037077	46.9747326482
-121.5937	46.8447	6.26	1.64560338677	-0.130027154541	-121.587848428	46.9746656913
-121.6	46.856	3.50	1.64095026527	-0.118864597637	-121.594664757	46.9748087162
-121.5967	46.8545	5.48	1.64325186548	-0.120294732371	-121.591293152	46.9747380215
-121.5748	46.8485	3.58	1.6584068635	-0.125830470114	-121.569092882	46.9742700577
-121.6058	46.8507	6.62	1.63714779986	-0.124283446746	-121.600234992	46.9749252939
-121.5873	46.8465	6.78	1.64992337025	-0.128093413422	-121.581520143	46.974532544
-121.6075	46.8505	7.40	1.63599181253	-0.124518861695	-121.601928404	46.9749606811
-121.5852	46.8473	5.59	1.65133434655	-0.127249553168	-121.57945323	46.9744889805
-121.6125	46.855	1.09	1.63243677364	-0.120125240776	-121.607136213	46.9750693519
-119.3683	46.7465	4.18	3.17194489369	-0.159731534699	-119.354492425	46.9059519095
-121.6003	46.8558	4.87	1.64075133521	-0.11907078638	-121.594956169	46.9748148218
-121.6088	46.8527	5.51	1.6350360186	-0.12234702254	-121.603328553	46.9749899211
-121.5865	46.8485	6.30	1.65040867988	-0.126077513314	-121.580809222	46.9745175644
-121.5938	46.8505	5.24	1.64535693124	-0.124231989511	-121.588209458	46.9746732768
-121.5953	46.8477	7.68	1.64441747654	-0.127062160094	-121.589585657	46.9747021815
-121.5958	46.8643	7.70	1.64356638518	-0.110480466756	-121.590832414	46.9747283532
-121.5903	46.8513	6.50	1.64772487193	-0.12335881677	-121.584740689	46.9746003481
-121.6057	46.8627	5.86	1.63684951807	-0.112286959572	-121.600671947	46.9749344273
-121.5968	46.8505	6.05	1.64330617962	-0.124294948226	-121.591213588	46.9747363521
-121.6022	46.861	6.06	1.63929354173	-0.113912992472	-121.59709169	46.974859542
-121.7663	46.842	1.01	1.52767717615	-0.136221145752	-121.760608795	46.9781656515
-121.5942	46.8495	6.89	1.64511419786	-0.125239917187	-121.588565036	46.9746807467
-121.587	46.8517	0.73	1.64996834241	-0.122889561486	-121.581454264	46.9745311561
-121.5968	46.8522	6.43	1.64325404594	-0.122595747799	-121.591289958	46.9747379545
-121.5978	46.8488	5.26	1.64267470721	-0.126015118113	-121.592138628	46.9747557585
-121.7375	46.8542	0.21	1.54701644159	-0.123461077847	-121.732275484	46.9776094892
-121.6015	46.8595	2.89	1.63981786829	-0.115397642217	-121.596323604	46.974843462
-121.5843	46.8552	1.14	1.65170607858	-0.119334336006	-121.578908687	46.9744774971
-121.6022	46.8627	4.23	1.63924152517	-0.112213788456	-121.597167889	46.974861137
-121.6047	46.863	5.91	1.63752377918	-0.111966204614	-121.599684219	46.974913779
-121.6027	46.8438	0.04	1.63947799166	-0.131115402227	-121.596821489	46.9748538859
-120.0938	46.7917	11.12	2.67329710618	-0.141651874546	-120.08346477	46.9331754922
-121.5113	46.8202	4.73	1.7027138892	-0.15275458103	-121.504190609	46.9728773139
-121.5042	46.8233	0.04	1.70747117996	-0.149501642493	-121.497222188	46.9727255935
-121.9797	46.8557	7.21	1.38140907376	-0.126487860644	-121.974919736	46.9821457124
-119.5018	46.7178	2.97	3.08226797545	-0.193709030892	-119.485535347	46.9111889649
-121.8933	46.8743	6.36	1.43997227348	-0.106338677547	-121.889109552	46.9806001632
-121.7617	46.851	0.05	1.53056528803	-0.127135035922	-121.756377481	46.9780830386
-121.7282	46.885	0.03	1.55248074443	-0.0924900224477	-121.724270025	46.9774510795
-121.5905	46.8593	4.33	1.64734217983	-0.115366804942	-121.58530129	46.9746121415
-121.5955	46.8507	7.27	1.64418870226	-0.124067769923	-121.589920787	46.9747092178
-121.5895	46.8617	6.26	1.64795182618	-0.112946911604	-121.584408227	46.9745933527
-121.7572	46.8423	0.04	1.53389058202	-0.135743477701	-121.751505677	46.9779877272
-121.7613	46.855	2.65	1.53072446097	-0.123128854055	-121.756144281	46.978078481
-121.9062	46.8667	11.76	1.43136004664	-0.114172322764	-121.901728372	46.98083147
-121.6042	46.8548	5.78	1.63811618693	-0.120151920783	-121.598816399	46.9748956303
-120.7047	46.9235	2.02	2.24994293934	-0.0291794750329	-120.702902909	46.9526536645
-121.5933	46.853	7.10	1.64562194418	-0.121722668028	-121.587821243	46.9746651201
-119.2903	46.8188	1.41	3.2209563812	-0.0843790071787	-119.282883937	46.9030264977
-121.8277	47.1202	19.88	1.4779830817	0.140691218363	-121.833416616	46.9795627101
-121.599	46.8548	6.29	1.64167054669	-0.120043086809	-121.593609619	46.9747866031
-121.918	46.8675	10.90	1.42327400229	-0.113587569131	-121.913576317	46.9810473827
-120.8767	46.8032	3.34	2.1373635764	-0.154193658235	-120.867697967	46.9572708391
-120.3823	46.9608	3.89	2.46819823605	0.0177898372064	-120.383502472	46.9430291092
-121.945	46.9017	6.25	1.40392391302	-0.0798866232624	-121.941929107	46.9815591054
-119.2962	46.822	0.03	3.21673431874	-0.0814270607619	-119.289052295	46.9032802628
-119.3372	46.7467	0.02	3.19320621415	-0.158269126768	-119.323427503	46.904688341
-119.9572	46.7693	8.87	2.7678556769	-0.159281173964	-119.945173829	46.9283686703
-122.0173	47.0463	17.55	1.35088229457	0.0633943420821	-122.019651277	46.9829259313
-119.3445	46.7423	4.34	3.18847407306	-0.162958528032	-119.330341509	46.904970301
-119.3483	46.7483	4.78	3.1855187113	-0.157123605853	-119.334659547	46.9051461821
-119.3435	46.7382	3.31	3.18940157781	-0.167010612391	-119.328986351	46.9049150693
-123.4002	47.1498	38.05	0.407911744833	0.151361520855	-123.401899119	46.9984429027
-119.3412	46.7428	2.05	3.19070181732	-0.162325124873	-119.327086602	46.9048376149
-121.969	46.9262	9.89	1.38689639633	-0.0558223914528	-121.966879185	46.9820036176
-121.9235	46.873	8.88	1.4193692867	-0.108189279275	-121.919297672	46.9811512085
-123.7948	47.0087	37.59	0.139923115759	0.00888324903316	-123.794834117	46.9998167814
-121.9632	47.1778	18.48	1.38431617515	0.195795411194	-121.970659967	46.9820705028
-119.4245	46.8128	4.10	3.12963326368	-0.095804984431	-119.416318295	46.9084415036
-119.4328	46.8158	3.33	3.12378781495	-0.0931411820614	-119.42486013	46.9087828299
-121.7463	46.8627	0.15	1.54075652207	-0.115138008137	-121.741446618	46.9777902782
-119.5435	46.9455	1.49	3.04078551849	0.0319907478931	-119.54616134	46.9135609185
-121.9273	46.9202	13.86	1.41552394232	-0.0610745712166	-121.924932056	46.981253177
-121.2395	46.9688	20.55	1.88336600997	0.00198204479795	-121.239602302	46.966819185
-121.973	46.9307	12.79	1.38404914426	-0.0513946330496	-121.971051247	46.9820774178
-121.9218	46.865	11.37	1.42074320279	-0.116155655884	-121.917284549	46.9811147087
-121.7702	46.8432	0.09	1.52497645534	-0.135097606628	-121.764565577	46.9782427632
-119.639	46.956	4.50	2.97510744921	0.0388091021129	-119.642159732	46.9172509141
-121.9083	46.855	11.95	1.430237107	-0.125906498703	-121.903373735	46.9808615276
-121.9182	46.9507	9.27	1.42092690514	-0.0304205695896	-121.917015381	46.9811098258
-119.9307	46.9137	1.83	2.7784880473	-0.0141368240693	-119.92962566	46.9278177674
-123.1908	47.1045	0.04	0.550783908212	0.107344542738	-123.192425625	46.9971611718
-121.7615	46.8435	0.74	1.53091625925	-0.134628068093	-121.755863281	46.9780729886
-118.2218	46.7032	9.03	3.95901065079	-0.150791326165	-118.205564416	46.853580862
-121.7667	46.8468	0.59	1.52726688169	-0.131430893943	-121.76120991	46.9781773752
-121.9455	46.8865	9.87	1.40398093548	-0.0950903560242	-121.941845554	46.9815576077
-119.6092	46.8595	16.34	3.00081923899	-0.0564044830742	-119.604576504	46.9158159047
-120.6103	46.8375	14.69	2.3180759475	-0.11234983112	-120.603183045	46.9497445182
-121.9133	46.865	12.03	1.42655277933	-0.116001208098	-121.908772131	46.9809599804
-121.7413	46.874	0.03	1.54384814663	-0.10374427088	-121.736917207	46.9777010824
-121.9708	46.9338	12.94	1.38547070413	-0.0482567885662	-121.968968242	46.9820405902
-120.6347	46.7887	8.77	2.30349519496	-0.161824021117	-120.624522604	46.9503743691
-120.6303	46.7893	8.34	2.30647927254	-0.161095152809	-120.620155237	46.9502457873
-120.6377	46.7893	8.95	2.30141727002	-0.161312719412	-120.627563778	46.9504638073
-120.6738	46.8063	8.49	2.27600123699	-0.145382553357	-120.664762556	46.9515512503
-120.6307	46.7812	7.15	2.30655381447	-0.169199439417	-120.620046141	46.9502425732
-121.602	46.859	5.24	1.63949143315	-0.115907871298	-121.596801799	46.9748534737
-119.8238	46.9517	8.18	2.849386452	0.027648774658	-119.825956145	46.9240904477
-122.1255	47.0652	13.72	1.27672419737	0.0804742569642	-122.128322038	46.9847487395
-122.0298	46.8097	8.39	1.34831642854	-0.173345699	-122.023411154	46.9829907173
-121.7618	46.8508	1.59	1.53050263845	-0.127336907743	-121.756469268	46.9780848323
-121.7552	46.869	0.69	1.5344931777	-0.109015263737	-121.750622832	46.9779704332
-121.9737	46.9292	0.03	1.38361007536	-0.0529064948137	-121.971694613	46.9820887849
-121.954	46.9197	12.53	1.3973067509	-0.0620536749585	-121.951625052	46.9817324937
-119.46	46.9372	0.02	3.09817708887	0.026974417842	-119.462285845	46.9102707969
-120.9507	47.0388	12.36	2.07758328413	0.0792334319961	-120.955216452	46.9596264643
-122.5938	46.9263	24.79	0.960297347209	-0.0650815500339	-122.59208757	46.9913710544
-121.9092	46.8632	7.18	1.42940306773	-0.117725843615	-121.904595795	46.9808838371
-121.8987	46.8528	12.10	1.43685869992	-0.127930063257	-121.893671614	46.9806839474
-121.9022	46.8677	10.68	1.43406709427	-0.113099536463	-121.897761936	46.9807589136
-121.9807	46.8788	7.04	1.38013016995	-0.103413159238	-121.976793715	46.9821787489
-121.9163	46.7978	10.61	1.42628930963	-0.183232027685	-121.909158176	46.9809670111
-121.9728	46.8685	6.18	1.38579484588	-0.113570281074	-121.968493279	46.9820321876
-122.5543	46.9372	26.11	0.987067844578	-0.0536924489302	-122.552847578	46.9908832987
-121.7562	46.8557	1.33	1.53419061838	-0.122329390707	-121.751066103	46.9779791173
-122.0068	47.0003	9.27	1.35920487961	0.0175907444657	-122.007455886	46.9827149456
-119.3993	46.857	18.31	3.14425733645	-0.0506721415625	-119.394948911	46.9075847947
-121.7567	46.851	2.44	1.53398338791	-0.127037253769	-121.75136971	46.9779850642
-121.9548	46.87	8.34	1.39805771525	-0.111751007921	-121.950524682	46.9817128575
-121.7543	46.8533	0.02	1.53555816	-0.124691185545	-121.749062558	46.9779398524
-120.9435	46.9138	5.41	2.08736092431	-0.0454803645941	-120.940901439	46.9592457408
-121.9115	46.79	11.17	1.42978201641	-0.190941776755	-121.904040547	46.9808737023
-122.568	46.9273	25.28	0.977896005506	-0.0637625816337	-122.566291509	46.9910519182
-121.761	46.8542	2.08	1.53095238992	-0.123922666043	-121.755810347	46.9780719539
-121.8935	46.8755	6.22	1.4398033434	-0.105142786779	-121.889357071	46.9806047137
-120.6883	46.8708	7.62	2.26336027867	-0.0813603717375	-120.683264359	46.9520876165
-119.4667	46.9468	1.51	3.09305506308	0.036293726283	-119.469771062	46.9105669198
-119.9222	46.8875	2.22	2.78564913982	-0.0399997099106	-119.919153869	46.9274455381
-121.9677	46.9163	7.02	1.3880406859	-0.0656960420447	-121.965202467	46.9819739152
-121.9463	46.9238	8.43	1.40245677214	-0.0578175017567	-121.944078863	46.9815976193
-122.1448	47.1392	9.69	1.2618293335	0.15414062901	-122.15014975	46.9851024568
-121.7382	46.8537	0.44	1.54655237165	-0.12397468857	-121.732955371	46.9776229169
-121.7675	46.8463	0.02	1.52673418615	-0.131946282223	-121.761990353	46.9781925915
-120.7347	46.9087	13.75	2.23008818961	-0.0448240738384	-120.73196446	46.9534851318
-121.9383	46.8332	7.23	1.41030243456	-0.148242658456	-121.932582895	46.9813911955
-123.8805	47.1752	38.75	0.0812315284718	0.175261953718	-123.880891992	46.9999382495
-121.9715	46.9297	11.95	1.38509901276	-0.052367790585	-121.969512879	46.9820502231
-121.711	47.1637	16.27	1.5560904626	0.186433147915	-121.718981644	46.977346128
-121.9672	46.98	17.20	1.38672957938	-0.00200862172834	-121.96712362	46.9820079457
-121.7752	46.854	0.04	1.52125121259	-0.124399167806	-121.770023389	46.9783489037
-121.974	46.8528	7.79	1.38538064254	-0.129286250849	-121.969100209	46.9820429245
-122.1293	46.9268	10.08	1.27744071829	-0.0579481543261	-122.127272018	46.9847316193
-123.9102	46.8812	32.85	0.0613796145196	-0.118764821661	-123.910000388	46.9999647435
-121.9327	46.8378	8.41	1.41401085539	-0.143543322609	-121.927149109	46.9812932244
-121.9337	46.8363	9.24	1.41336657991	-0.145060843986	-121.928093136	46.9813102637
-120.5882	46.7593	7.60	2.33658330998	-0.189819855409	-120.576097449	46.9489393379
-121.9915	46.907	0.76	1.37202748958	-0.0754121582659	-121.988666633	46.9823873458
-120.474	46.7685	14.85	2.41432766671	-0.177167133241	-120.462327295	46.9454872318
-120.5525	46.8052	10.39	2.35899817475	-0.142894232707	-120.543294304	46.9479556059
-121.0602	47.0408	0.99	2.00293811842	0.0783808694541	-121.064507787	46.9624742063
-121.9217	47.0432	19.99	1.41608519981	0.0619834686499	-121.924109673	46.9812383112
-121.9218	46.8705	10.94	1.42059733436	-0.110657590544	-121.917498282	46.9811185856
-121.6147	46.8502	7.93	1.63107910979	-0.12496883138	-121.609125072	46.9751107909
-121.984	46.8797	12.84	1.37785206406	-0.102571539209	-121.980131831	46.9822375209
-122.03	47.0817	20.03	1.34134117246	0.0985648829149	-122.033632353	46.983166215
-120.7765	46.8303	8.72	2.20478063284	-0.124339722421	-120.769008628	46.9545342889
-122.5547	46.9415	25.61	0.986715450593	-0.0493982194268	-122.55336411	46.9908898064
-121.9808	46.9523	13.80	1.3781678282	-0.0299393279333	-121.979669141	46.9822293804
-121.3553	47.122	11.43	1.79922154533	0.152369759219	-121.362835247	46.9697167792
-121.9353	46.8383	8.84	1.41221972174	-0.143090389832	-121.929773576	46.9813405757
-122.028	46.8665	7.05	1.34811853005	-0.116532699034	-122.023701144	46.982995709
-121.8652	46.9642	6.09	1.45672527793	-0.0159521635466	-121.864563004	46.9801462408
-119.3167	46.7048	26.14	3.20973044481	-0.199257382976	-119.299284959	46.9037004967
-121.2597	46.8787	12.90	1.87274046819	-0.0885466126059	-121.255163094	46.9671923791
-123.3175	47.046	42.87	0.465057260102	0.0480257426897	-123.318113439	46.9979760781
-119.2963	46.8683	14.31	3.2138892575	-0.0352145049619	-119.293208912	46.903451077
-121.7873	47.0187	13.85	1.50832915868	0.0400008664401	-121.788955513	46.9787150718
-121.7547	46.8553	0.05	1.53522741822	-0.122699845339	-121.749547118	46.9779493519
-120.6982	46.9137	12.93	2.25479114173	-0.0387839646291	-120.695806696	46.952449517
-118.2315	46.7097	6.08	3.95189880624	-0.144798300076	-118.215935614	46.8541055126
-121.8675	46.9652	6.42	1.45512899881	-0.0149952734369	-121.866901859	46.9801897181
-121.9255	46.9502	7.80	1.41595871432	-0.0310525522387	-121.924295006	46.9812416619
-121.9362	46.8312	9.10	1.41179127897	-0.150204145349	-121.930401354	46.9813518933
-122.1973	47.183	15.95	1.22511970211	0.197095463902	-122.203947181	46.9859565136
-122.198	47.1782	14.78	1.22475445504	0.192285789756	-122.204482454	46.9859648845
-120.6645	46.866	14.74	2.27982068284	-0.0854661362256	-120.659172337	46.9513886018
-121.9825	46.9543	13.25	1.37695628693	-0.027969881321	-121.981444418	46.9822606041
-121.8553	47.1787	17.15	1.45760824385	0.198651971565	-121.863269292	46.9801221713
-121.9587	46.8808	6.92	1.39511100962	-0.101024197627	-121.954842425	46.9817898475
-121.0158	47.0167	1.24	2.03409172946	0.055441831529	-121.018892975	46.9612983279
-121.9677	46.9047	9.16	1.38834154298	-0.0772921398865	-121.964761624	46.9819661018
-121.7903	47.1257	17.38	1.50326741426	0.146900602627	-121.796371554	46.9788576543
-121.9443	46.8792	11.31	1.40499230125	-0.102366333979	-121.940363633	46.9815310339
-121.9765	46.8755	12.39	1.38308532191	-0.106637998782	-121.972463532	46.9821023655
-121.7567	46.8562	4.52	1.53383452497	-0.121839384982	-121.751587805	46.9779893357
-121.7628	46.844	2.67	1.53001315311	-0.134153665365	-121.757186402	46.9780988442
-120.7178	46.8487	0.03	2.24413594636	-0.104289252974	-120.711402556	46.9528976077
-121.9092	46.8062	8.72	1.4309239607	-0.17470554965	-121.902367337	46.9808431455
-121.9043	46.8705	7.18	1.43255698111	-0.110338955694	-121.899974591	46.9807994057
-120.3962	46.8953	5.22	2.4617326411	-0.0480778656364	-120.392962716	46.943326992
-121.9888	46.931	6.68	1.37325547982	-0.0513727518432	-121.986867243	46.9823558111
-121.7602	46.8515	2.33	1.53157642722	-0.126605928459	-121.754896085	46.9780540786
-122.0362	47.0657	7.30	1.33752157097	0.0824639313814	-122.039229438	46.9832619309
-119.9867	46.7758	0.05	2.74734390967	-0.153827740605	-119.975169963	46.9294255143
-121.611	46.8607	6.65	1.63328830116	-0.114396628601	-121.6058888	46.9750433439
-120.7513	46.8645	10.56	2.22058938821	-0.0894573121173	-120.745868247	46.9538803173
-120.6955	46.771	16.07	2.26264970207	-0.181279382212	-120.684304398	46.9521176783
-119.5188	46.8618	15.90	3.06240345084	-0.0506115799549	-119.514566384	46.9123288053
-122.0572	47.0602	11.66	1.32335802472	0.0766090413139	-122.059984284	46.9836144763
-121.9818	46.8617	8.56	1.37981895011	-0.120526857662	-121.977249746	46.9821867837
-121.665	46.8637	5.63	1.59629179308	-0.112510894116	-121.660086515	46.9761608311
-121.7577	46.84	0.03	1.53361453072	-0.138052323325	-121.751910113	46.9779956474
-121.9288	46.8032	10.73	1.41759235008	-0.178060782586	-121.921901322	46.9811983626
-121.7623	46.8467	1.79	1.53027790674	-0.131445001561	-121.756798517	46.978091266
-121.7593	46.8537	2.12	1.53212877206	-0.124389231733	-121.754086858	46.9780382509
-121.9858	46.9275	12.32	1.37539340823	-0.0548189742933	-121.983734516	46.982300842
-121.9868	46.9192	9.30	1.37492395624	-0.063133784663	-121.984422408	46.9823129195
-121.9805	46.9375	11.78	1.37875397742	-0.0447291344412	-121.978810254	46.9822142644
-121.9837	46.9255	11.78	1.37687853699	-0.056781428262	-121.981558346	46.9822626069
-121.9843	46.9308	10.58	1.37633256503	-0.0514937246856	-121.982358362	46.9822766679
-121.9365	46.8667	0.04	1.41065124546	-0.114721862047	-121.932071797	46.9813819914
-120.4493	46.7885	4.18	2.43032282636	-0.156424024098	-120.438922005	46.9447630168
-121.9822	46.9298	11.61	1.37779189198	-0.0524564841137	-121.980220002	46.9822390719
-121.7585	46.8577	3.62	1.53256122233	-0.120375222048	-121.753453286	46.9780258548
-121.7592	46.855	1.83	1.53215995633	-0.123087807849	-121.754041171	46.9780373571
-121.7633	46.8477	3.04	1.52956568769	-0.130464935597	-121.757841974	46.9781116493
-121.9843	46.7992	7.91	1.37971787965	-0.183050175299	-121.977397845	46.9821893926
-123.1178	47.0093	35.01	0.6015415161	0.0126869446111	-123.11800946	46.9966138596
-121.9437	46.861	11.17	1.40587989145	-0.120549305264	-121.939063078	46.9815076966
-121.7597	46.8518	2.76	1.53190965735	-0.126296276232	-121.754407878	46.9780445304
-123.0877	47.1495	0.04	0.62043217205	0.15311249681	-123.090314106	46.9963978546
-121.7553	46.853	2.48	1.53488316406	-0.125010656408	-121.750051474	46.9779592373
-121.7708	46.8455	0.04	1.52450079234	-0.132810213887	-121.765262464	46.9782563304
-121.9245	46.9147	14.47	1.41758139762	-0.0665220207826	-121.92191737	46.981198653
-122.1402	47.1787	23.02	1.2640199221	0.193703677342	-122.146939529	46.9850506957
-121.8947	46.8388	10.09	1.43996936305	-0.14185158402	-121.889113816	46.9806002416
-121.7478	46.8667	0.02	1.53961635659	-0.111169147743	-121.743117031	46.9778231278
-122.3985	47.173	32.41	1.08860822651	0.184126931257	-122.404017224	46.9889114029
-121.3172	47.142	10.16	1.82444675536	0.173239203595	-121.325890517	46.9688620021
-121.7532	46.8527	2.84	1.53632731148	-0.125269375426	-121.747935698	46.9779177532
-121.9405	46.8248	11.90	1.40901865375	-0.156679335563	-121.934463967	46.9814250512
-121.9418	46.831	8.89	1.40796660428	-0.150504846063	-121.936005494	46.9814527728
-121.7508	46.8672	0.82	1.53755175348	-0.110728264847	-121.746141808	46.9778825498
-119.8983	46.7905	3.07	2.80703519409	-0.136014923666	-119.887881536	46.9263282209
-120.6548	47.0558	13.32	2.27834677693	0.104443565443	-120.661329572	46.9514513993
-121.7627	46.8522	2.28	1.52984740614	-0.125955055375	-121.757429234	46.9781035878
-121.7468	46.8618	3.53	1.54044066666	-0.116047467253	-121.741909366	46.9777993808
-121.7495	46.8618	3.11	1.53859527212	-0.116100519172	-121.744612985	46.9778525259
-121.7483	46.859	2.68	1.53949590462	-0.118875792207	-121.743293501	46.9778265967
-121.746	46.8605	1.96	1.541024843	-0.11733119806	-121.741053512	46.977782544
-121.7487	46.8593	2.65	1.53921387966	-0.118583774773	-121.743706686	46.9778347178
-121.7518	46.8578	1.53	1.53713802783	-0.120144014839	-121.746747944	46.9778944478
-121.7463	46.8487	1.67	1.54115916396	-0.129132216948	-121.740856723	46.9777786718
-121.7502	46.8588	2.74	1.53820296735	-0.119113026316	-121.745187737	46.9778638156
-121.7452	46.8673	2.15	1.54137597512	-0.110518276407	-121.740539082	46.9777724208
-123.2278	47.182	43.91	0.524836722098	0.184586600257	-123.230467589	46.9974223353
-121.7582	46.8542	2.89	1.53286641185	-0.123867921076	-121.753006161	46.9780171046
-121.949	46.8185	12.60	1.4033695654	-0.163129722804	-121.942741375	46.9815736623
-121.9505	46.8172	12.33	1.40237744732	-0.164456135581	-121.944195095	46.9815997005
-122.0418	47.019	10.88	1.33487533383	0.03568305356	-122.043107135	46.9833280833
-121.7587	46.853	2.84	1.53255894474	-0.125077211036	-121.753456623	46.9780259201
-120.1482	46.9673	2.48	2.62747036238	0.0318933374727	-120.150494742	46.9354451533
-120.1462	46.9753	3.62	2.62844030584	0.0399507375452	-120.149075964	46.9353975201
-121.7357	46.8455	0.66	1.54849826337	-0.132121890813	-121.730104541	46.9775665865
-121.9538	46.8203	8.81	1.4000389745	-0.16141621156	-121.947621593	46.9816610009
-121.7492	46.8663	0.03	1.53867106197	-0.11159648432	-121.744501948	46.9778503445
-121.7435	46.8685	0.63	1.54250321433	-0.109285318063	-121.73888761	46.9777399067
-120.9007	46.7842	0.04	2.12169961201	-0.17383091262	-120.8906293	46.9578945204
-122.011	47.0143	14.89	1.35598605755	0.0315134486658	-122.012172533	46.9827966994
-122.0082	47.0183	13.96	1.35779284898	0.035560649619	-122.00952498	46.9827508332
-122.0085	47.018	14.00	1.35759601024	0.0352555479281	-122.009813414	46.982755833
-122.0097	47.011	14.40	1.35695595292	0.0282370196947	-122.010751312	46.9827720858
-122.9787	47.0067	0.02	0.696417858117	0.0112394043497	-122.978914812	46.9954615504
-121.7515	47.0827	17.72	1.53088987031	0.104669268767	-121.755901943	46.9780737443
-120.6443	46.8922	14.22	2.29249738385	-0.0587006956264	-120.640618706	46.9508468231
-121.9233	47.1227	15.55	1.41288832815	0.14142663739	-121.928793897	46.9813229071
-122.016	47.0523	17.73	1.35161592178	0.0694148401589	-122.018576262	46.9829073851
-121.9743	46.9277	10.63	1.38323924884	-0.0544165875774	-121.972237984	46.9820983824
-121.94	47.1813	19.66	1.39998849727	0.199706442512	-121.947695556	46.981662323
-119.4665	46.8317	15.07	3.09984503201	-0.078605903941	-119.459848367	46.9101742618
-120.9583	47.0033	2.15	2.07378544099	0.0435589219732	-120.960776762	46.9597738643
-119.4558	46.7412	0.75	3.1123970439	-0.168530179268	-119.441505546	46.9094461324
-121.9325	46.8537	11.71	1.41372809852	-0.127645248471	-121.92756342	46.9813007035
-121.933	46.855	11.82	1.41335199259	-0.126354721622	-121.92811451	46.9813106494
-121.8893	46.8398	11.82	1.44363498914	-0.140752575215	-121.883742896	46.98050137
-121.972	46.932	13.34	1.38469815293	-0.0500773991375	-121.970100257	46.982060609
-121.9737	46.9252	15.40	1.38371351296	-0.0569051571742	-121.971543046	46.9820861073
-121.749	46.8493	3.33	1.5392960832	-0.128585541212	-121.743586252	46.9778323509
-120.4118	47.0722	12.46	2.44298681967	0.128147742926	-120.420391573	46.9441862445
-123.0208	47.1228	46.17	0.66626059838	0.126963812069	-123.023126584	46.9958460813
-121.7547	46.8445	1.59	1.5355368707	-0.133495411079	-121.749093748	46.9779404639
-119.6875	46.8377	3.07	2.94855987637	-0.0811426490828	-119.680966736	46.918719664
-121.9292	46.802	6.19	1.41735035459	-0.179267599999	-121.922255906	46.9812047798
-120.37	46.8782	5.10	2.48040872756	-0.0643335104375	-120.365636773	46.9424644223
-121.9343	46.877	9.47	1.41188333258	-0.104385810731	-121.930266472	46.9813494619
-119.7022	46.8375	0.02	2.93853020492	-0.0818944271571	-119.695628572	46.9192711447
-121.758	46.8523	3.41	1.53305748836	-0.125763230294	-121.75272622	46.9780116252
-120.931	46.7667	7.28	2.1016529476	-0.192133897896	-120.919977484	46.9586860258
-121.9782	46.8578	9.04	1.38238030779	-0.124362102985	-121.973496588	46.9821206032
-120.748	46.9332	17.66	2.21999351983	-0.0207229008282	-120.746740451	46.9539050516
-121.0532	46.7755	1.18	2.01767985899	-0.186552406711	-121.042922825	46.9619200441
-121.7647	46.8598	1.83	1.52826340115	-0.118397181535	-121.759749927	46.9781488955
-119.457	46.742	0.02	3.11152972464	-0.167779166915	-119.442772982	46.909496539
-121.978	46.9323	0.04	1.38059458318	-0.0498833820413	-121.97611321	46.9821667558
-119.6855	46.8388	2.58	2.94986541818	-0.0799690571848	-119.679058257	46.9186477412
-121.9707	47.1683	17.76	1.37946595038	0.186166328206	-121.977766998	46.9821958949
-121.9498	46.8733	9.23	1.40138849197	-0.108362809749	-121.945644182	46.9816256373
-121.935	46.8542	9.62	1.41200585321	-0.127190504221	-121.930086948	46.9813462256
-122.1682	47.1843	20.06	1.2448621836	0.198853813427	-122.175014648	46.9855003323
-122.1735	47.1825	14.54	1.24130299854	0.196970213521	-122.180230584	46.9855831114
-119.5693	46.715	0.05	3.03622348666	-0.199139101789	-119.552829008	46.9138198206
-119.5637	46.7185	0.02	3.03985888465	-0.195427638112	-119.547515662	46.9136135377
-121.5592	46.9495	8.05	1.66592527396	-0.0245482233205	-121.558079449	46.974036308
-121.8482	47.128	18.05	1.46382467653	0.148103395559	-121.854161072	46.9799523003
-121.7388	46.8723	1.30	1.54560550595	-0.105394275453	-121.734342579	46.9776503015
-122.2003	47.1537	14.62	1.2237542372	0.167756322032	-122.205948283	46.9859877953
-122.2017	47.161	17.71	1.22263489499	0.175032540441	-122.207588692	46.9860134126
-122.2037	47.1852	5.86	1.22072057026	0.199194987219	-122.21039416	46.9860571696
-121.7473	46.8518	3.19	1.54038640084	-0.126053163584	-121.741988869	46.9778009445
-121.7965	47.1322	8.69	1.49886786212	0.153279244004	-121.80281744	46.9789811947
-121.9218	46.8658	11.91	1.42072198556	-0.115355937289	-121.917315638	46.9811152727
-122.1338	47.143	15.87	1.26921916027	0.158117235029	-122.139320275	46.9849274846
-121.9188	47.1418	3.40	1.41544190353	0.160601135924	-121.925052263	46.9812553495
-121.762	46.839	2.85	1.53070292074	-0.139136000934	-121.756175839	46.9780790978
-121.9045	46.8642	11.47	1.43258877579	-0.116640359218	-121.899928005	46.9807985536
-121.9533	46.9777	14.58	1.39626976609	-0.00406097705417	-121.953144523	46.9817595914
-121.7587	46.8432	2.19	1.53283924427	-0.134873201674	-121.753045964	46.9780178836
-120.6417	46.8652	12.79	2.29542927643	-0.0855998131067	-120.636327639	46.9507210927
-120.5558	46.8457	11.42	2.35496210234	-0.102532636206	-120.549200825	46.9481334306
-120.425	46.9527	6.28	2.43945561783	0.00836132653273	-120.42555852	46.9443473711
-120.6907	46.7993	11.68	2.26473960368	-0.152865917788	-120.681245507	46.9520292354
-121.7582	46.8525	4.59	1.53291504606	-0.125567225264	-121.752934909	46.97801571
-121.9395	47.0847	14.55	1.4028683999	0.103148781385	-121.943475717	46.9815868177
-118.4075	46.9498	36.99	3.81442018633	0.0859548555708	-118.41645996	46.8640633874
-121.9357	46.8032	10.75	1.41287087789	-0.1781854168	-121.928819466	46.9813233683
-119.2912	46.7318	5.71	3.22556494599	-0.171259046073	-119.276150973	46.9027491238
-121.9142	46.8662	7.80	1.42590570631	-0.114818016421	-121.909720245	46.9809772453
-121.9247	46.9138	15.01	1.4174686642	-0.067425323494	-121.922082553	46.9812016426
-121.7487	46.8512	3.14	1.53944658881	-0.126680431286	-121.743365752	46.9778280169
-121.9752	46.86	8.77	1.38437421395	-0.122109867178	-121.970574923	46.9820689997
-123.1825	47.1962	25.42	0.555476254945	0.199098201804	-123.185546072	46.9971125972
-119.3657	46.746	0.04	3.17375292602	-0.16012541551	-119.351850652	46.9058447843
-121.7592	46.848	2.24	1.53236012559	-0.130084945296	-121.753747908	46.9780316197
-121.8865	47.1785	16.82	1.43641426333	0.197875829592	-121.894322812	46.9806958921
-121.752	46.8498	3.28	1.53723082104	-0.128144645825	-121.746611996	46.9778917795
-121.9467	46.943	7.14	1.40168056434	-0.0386312538977	-121.945216217	46.9816179792
-119.2072	46.9807	2.16	3.2678248341	0.0806632724309	-119.214413905	46.9001872405
-121.9413	46.8727	5.99	1.40721298712	-0.108810254213	-121.937109741	46.9814726179
-121.9667	46.8658	8.77	1.39003393378	-0.116161317155	-121.962281783	46.9819221179
-121.963	47.0708	7.02	1.38723365124	0.0888351059101	-121.966385008	46.981994866
-121.9217	46.9172	15.48	1.41942706209	-0.0639722059385	-121.919213017	46.9811496743
-121.7397	46.856	0.56	1.54546065904	-0.121705243672	-121.734554788	46.9776544892
-121.743	46.8667	0.77	1.54289675467	-0.111074726736	-121.73831105	46.9777285498
-121.8792	46.8547	8.08	1.45013803268	-0.1256714921	-121.874214604	46.9803253479
-121.8822	46.8523	8.59	1.44815208973	-0.128126101223	-121.877124411	46.9803791865
-121.7472	46.8595	0.03	1.54023339687	-0.118354380158	-121.742213029	46.9778053531
-121.9248	46.8137	12.96	1.42005135463	-0.167492023324	-121.918298276	46.9811330929
-123.0583	46.8187	23.50	0.644401590015	-0.177427025157	-123.055173171	46.9961141651
-121.7563	46.8523	3.37	1.53421961326	-0.125729954769	-121.751023623	46.9779782851
-121.2662	47.0477	1.56	1.86240499414	0.0801953692971	-121.270299297	46.9675533627
-121.7522	46.8557	3.68	1.5369248535	-0.1222509974	-121.747060259	46.977900577
-121.9662	47.0737	6.09	1.38497961305	0.0916775153157	-121.969687835	46.9820533169
-121.9372	46.7912	10.44	1.41216037252	-0.190208297392	-121.929860538	46.9813421436
-121.9077	46.9673	11.43	1.42764870958	-0.0136355843422	-121.907166336	46.9809307214
-120.7557	46.9233	9.82	2.21514984598	-0.0308323009248	-120.753830422	46.9541058647
-121.9213	46.8523	11.19	1.42142184776	-0.128842118705	-121.91629017	46.9810966667
-122.0092	46.882	8.13	1.36057421486	-0.100712678655	-122.005449358	46.9826801076
-119.2288	46.8185	15.25	3.26298266839	-0.0821348101018	-119.221487479	46.9004824663
-121.7567	46.8408	2.12	1.53427538849	-0.13723307331	-121.750941908	46.9779766844
-123.061	47.051	17.80	0.639769874058	0.0548341128924	-123.061963579	46.9961698216
-121.9387	46.9133	14.83	1.40792177205	-0.0681775771804	-121.936071185	46.9814539536
-121.8277	46.9305	10.88	1.48324190511	-0.0489358757435	-121.825711629	46.9794170514
-121.7535	46.852	4.18	1.53614230025	-0.125974969764	-121.748206752	46.9779230699
-121.9445	46.8592	10.54	1.40538027962	-0.12236303794	-121.939795141	46.9815208346
-121.7538	46.8472	1.06	1.53607480804	-0.130778878745	-121.748305633	46.9779250093
-121.7615	46.8538	3.29	1.53062202659	-0.124332271495	-121.756294355	46.9780814141
-122.1342	47.0958	11.81	1.27007109366	0.110924139131	-122.138071808	46.9849072473
-123.1035	47.0025	39.77	0.611369578876	0.00599807867336	-123.103600632	46.996502314
-122.1347	47.02	12.95	1.27153526023	0.0351375159816	-122.135926144	46.9848724351
-121.758	46.8407	3.24	1.53338937509	-0.137358481554	-121.752239982	46.9780021063
-121.9608	46.8725	6.35	1.39389210475	-0.109358760319	-121.956628464	46.9818216469
-121.7367	46.8622	0.92	1.54733223988	-0.115448616919	-121.731812824	46.9776003495
-121.7543	46.854	2.01	1.53553809933	-0.123991473053	-121.749091948	46.9779404286
-120.7092	46.7728	9.66	2.25319904436	-0.179875726016	-120.69813701	46.9525166052
-121.7477	46.8673	1.69	1.53966745292	-0.110567430573	-121.743042172	46.9778216562
-122.0275	46.8798	7.36	1.34812546977	-0.103228309364	-122.023690975	46.982995534
-122.0912	47.0925	8.59	1.2994163519	0.10833020075	-122.095068328	46.9842018821
-121.7635	46.8475	3.08	1.52943466322	-0.130668758322	-121.758033935	46.9781153981
-121.9465	46.883	12.34	1.40338944607	-0.0986070689663	-121.942712244	46.9815731403
-122.398	47.1807	32.36	1.08879061396	0.191832270056	-122.403749904	46.9889076875
-121.9167	46.8322	12.44	1.42510099217	-0.148851468521	-121.910899341	46.9809987055
